//position one is for title then next 8 lines are core plan(8 weeks) eg:
//1 3 5 7 9
//2 4 6 8 10
//etc
PS1
1 3 4 5 6
1 3 4 5 7 8
1 2 3 4 5 7 8
1 2 3 4 5 6 7 8
2 3 4 5 6 7 8
2 3 4 5 6 7 8
2 3 4 5 6 7 8
2 3 4 5 6 7 8
PS2
1 2 3 5 7 8
1 3 4 5 7
1 2 3 4 5 8 9
1 2 4 5 7 8 9
1 3 4 5 6 8 9
1 2 4 6 7 8 9
3 4 5 6 7 8 9
2 4 5 6 7 8 9
PS3
4 5 7 12
1 4 5 7 9 10 11 12
1 2 3 4 6 8 10 11 12
1 3 6 7 8 9 10 11 12
2 3 4 5 7 9 12
2 3 4 5 6 8 10 11 12
1 2 4 5 6 7 9 12
1 2 3 6 7 8 9 10 11 12
PS4
1 2 4 5 8 9 11
2 3 6 8 9 10 11
2 3 6 8 9 1 11
1 2 3 7 8 9 10 11
1 2 3 4 5 8 9 11
1 2 3 6 7 8 9 10 11
6 7 9 10 11
4 5 6 7 8 9 10 11
PS5
1 2 3 4 10
1 2 6 7 8 10
3 4 5 6 7 8 10
1 2 3 4 7 8 9 10
5 6 7 8 9 10
1 2 3 4 5 6 9 10
1 2 5 6 7 8 9 10
1 2 5 6 7 8 9 10
SW1
1 5 6 7 8 11 12 13
1 5 6 7 8 11 12 13
1 3 4 5 6 9 10 11 12 13
1 2 5 6 7 8 10 11 13
1 3 4 6 8 9 10 11 12 13
1 2 6 7 8 9 10 12 13
1 3 4 6  8 9 10  13
1 2 5 6 7 8 10 11 12 13
SW2
2 4 5 6 8 10

SW3
//
//
//
//
//
//
//
//
SW4
//
//
//
//
//
//
//
//
SW5
//
//
//
//
//
//
//
//
SW6
//
//
//
//
//
//
//
//